6.002734375000000000e+01
1.295156250000000000e+02
6.002734375000000000e+01
1.515468750000000000e+02
6.114453125000000000e+01
1.706406250000000000e+02
6.561328125000000000e+01
1.912031250000000000e+02
7.566796875000000000e+01
2.073593750000000000e+02
8.795703125000000000e+01
2.191093750000000000e+02
1.013632812500000000e+02
2.264531250000000000e+02
1.158867187500000000e+02
2.308593750000000000e+02
1.326445312500000000e+02
2.323281250000000000e+02
1.482851562500000000e+02
2.308593750000000000e+02
1.628085937500000000e+02
2.235156250000000000e+02
1.750976562500000000e+02
2.117656250000000000e+02
1.851523437500000000e+02
1.970781250000000000e+02
1.929726562500000000e+02
1.794531250000000000e+02
1.940898437500000000e+02
1.588906250000000000e+02
1.940898437500000000e+02
1.397968750000000000e+02
1.940898437500000000e+02
1.207031250000000000e+02
7.008203125000000000e+01
1.207031250000000000e+02
8.013671875000000000e+01
1.067500000000000000e+02
9.075000000000000000e+01
1.045468750000000000e+02
1.030390625000000000e+02
1.030781250000000000e+02
1.136523437500000000e+02
1.038125000000000000e+02
1.404648437500000000e+02
1.052812500000000000e+02
1.505195312500000000e+02
1.023437500000000000e+02
1.616914062500000000e+02
1.001406250000000000e+02
1.728632812500000000e+02
1.008750000000000000e+02
1.829179687500000000e+02
1.118906250000000000e+02
1.281757812500000000e+02
1.207031250000000000e+02
1.281757812500000000e+02
1.339218750000000000e+02
1.292929687500000000e+02
1.456718750000000000e+02
1.292929687500000000e+02
1.574218750000000000e+02
1.125351562500000000e+02
1.647656250000000000e+02
1.214726562500000000e+02
1.662343750000000000e+02
1.292929687500000000e+02
1.677031250000000000e+02
1.382304687500000000e+02
1.647656250000000000e+02
1.471679687500000000e+02
1.618281250000000000e+02
8.460546875000000000e+01
1.251093750000000000e+02
9.019140625000000000e+01
1.207031250000000000e+02
1.035976562500000000e+02
1.192343750000000000e+02
1.114179687500000000e+02
1.236406250000000000e+02
1.035976562500000000e+02
1.251093750000000000e+02
9.019140625000000000e+01
1.265781250000000000e+02
1.438164062500000000e+02
1.221718750000000000e+02
1.516367187500000000e+02
1.177656250000000000e+02
1.650429687500000000e+02
1.177656250000000000e+02
1.717460937500000000e+02
1.207031250000000000e+02
1.650429687500000000e+02
1.236406250000000000e+02
1.516367187500000000e+02
1.236406250000000000e+02
1.002460937500000000e+02
1.838593750000000000e+02
1.125351562500000000e+02
1.809218750000000000e+02
1.248242187500000000e+02
1.779843750000000000e+02
1.304101562500000000e+02
1.779843750000000000e+02
1.348789062500000000e+02
1.765156250000000000e+02
1.482851562500000000e+02
1.779843750000000000e+02
1.605742187500000000e+02
1.794531250000000000e+02
1.516367187500000000e+02
1.897343750000000000e+02
1.426992187500000000e+02
1.956093750000000000e+02
1.315273437500000000e+02
1.985468750000000000e+02
1.203554687500000000e+02
1.970781250000000000e+02
1.103007812500000000e+02
1.912031250000000000e+02
1.024804687500000000e+02
1.838593750000000000e+02
1.170039062500000000e+02
1.853281250000000000e+02
1.304101562500000000e+02
1.838593750000000000e+02
1.449335937500000000e+02
1.838593750000000000e+02
1.583398437500000000e+02
1.809218750000000000e+02
1.449335937500000000e+02
1.838593750000000000e+02
1.304101562500000000e+02
1.853281250000000000e+02
1.158867187500000000e+02
1.853281250000000000e+02
