5.702734375000000000e+01
1.235507812500000000e+02
5.702734375000000000e+01
1.464023437500000000e+02
5.702734375000000000e+01
1.677304687500000000e+02
5.926171875000000000e+01
1.905820312500000000e+02
6.708203125000000000e+01
2.088632812500000000e+02
8.048828125000000000e+01
2.195273437500000000e+02
9.501171875000000000e+01
2.256210937500000000e+02
1.106523437500000000e+02
2.286679687500000000e+02
1.251757812500000000e+02
2.301914062500000000e+02
1.408164062500000000e+02
2.301914062500000000e+02
1.553398437500000000e+02
2.286679687500000000e+02
1.687460937500000000e+02
2.210507812500000000e+02
1.810351562500000000e+02
2.103867187500000000e+02
1.899726562500000000e+02
1.936289062500000000e+02
1.910898437500000000e+02
1.723007812500000000e+02
1.910898437500000000e+02
1.540195312500000000e+02
1.910898437500000000e+02
1.296445312500000000e+02
7.155078125000000000e+01
1.067929687500000000e+02
8.216406250000000000e+01
9.689062500000000000e+01
9.389453125000000000e+01
9.612890625000000000e+01
1.045078125000000000e+02
9.765234375000000000e+01
1.151210937500000000e+02
1.014609375000000000e+02
1.441679687500000000e+02
1.037460937500000000e+02
1.536640625000000000e+02
1.014609375000000000e+02
1.631601562500000000e+02
1.006992187500000000e+02
1.732148437500000000e+02
1.014609375000000000e+02
1.821523437500000000e+02
1.083164062500000000e+02
1.285273437500000000e+02
1.174570312500000000e+02
1.285273437500000000e+02
1.281210937500000000e+02
1.274101562500000000e+02
1.403085937500000000e+02
1.274101562500000000e+02
1.494492187500000000e+02
1.117695312500000000e+02
1.601132812500000000e+02
1.195898437500000000e+02
1.631601562500000000e+02
1.262929687500000000e+02
1.631601562500000000e+02
1.341132812500000000e+02
1.616367187500000000e+02
1.430507812500000000e+02
1.601132812500000000e+02
8.383984375000000000e+01
1.220273437500000000e+02
8.942578125000000000e+01
1.159335937500000000e+02
1.039492187500000000e+02
1.144101562500000000e+02
1.106523437500000000e+02
1.205039062500000000e+02
1.039492187500000000e+02
1.220273437500000000e+02
8.942578125000000000e+01
1.235507812500000000e+02
1.452851562500000000e+02
1.220273437500000000e+02
1.519882812500000000e+02
1.174570312500000000e+02
1.665117187500000000e+02
1.205039062500000000e+02
1.720976562500000000e+02
1.250742187500000000e+02
1.653945312500000000e+02
1.265976562500000000e+02
1.519882812500000000e+02
1.250742187500000000e+02
9.501171875000000000e+01
1.829648437500000000e+02
1.084179687500000000e+02
1.799179687500000000e+02
1.218242187500000000e+02
1.753476562500000000e+02
1.262929687500000000e+02
1.768710937500000000e+02
1.307617187500000000e+02
1.768710937500000000e+02
1.441679687500000000e+02
1.799179687500000000e+02
1.564570312500000000e+02
1.844882812500000000e+02
1.475195312500000000e+02
1.890585937500000000e+02
1.363476562500000000e+02
1.905820312500000000e+02
1.262929687500000000e+02
1.905820312500000000e+02
1.162382812500000000e+02
1.890585937500000000e+02
1.050664062500000000e+02
1.890585937500000000e+02
9.724609375000000000e+01
1.829648437500000000e+02
1.117695312500000000e+02
1.829648437500000000e+02
1.262929687500000000e+02
1.829648437500000000e+02
1.408164062500000000e+02
1.844882812500000000e+02
1.553398437500000000e+02
1.844882812500000000e+02
1.408164062500000000e+02
1.844882812500000000e+02
1.262929687500000000e+02
1.829648437500000000e+02
1.117695312500000000e+02
1.829648437500000000e+02
